2.8886297135983066
3.0130782411262356
3.0759161696493424
3.1451507459417676
3.2182452149066876
3.263786720896624
3.3050243058684394
3.3392229074910316
3.3856617915564335
3.431118254894359
3.4879126189579113
3.5679405030761737
3.648297886941959
3.732119996325924
3.7821264807587114
3.851783092188092
3.9318252313950204
3.9723716696532794
4.02788936929592
4.086065521120383
4.142731198938449
4.1638887906800575
4.20805632036507
4.270612937465773
4.315354504136359
4.345631053073887
4.378062492733341
4.44005736821003
4.489113755395471
4.538840049581747
4.611430856621197
4.647904979656134
4.7063063959253535
4.814193379719955
4.8987808787001565
4.9399698234572345
4.992858264122376
5.061442409023932
5.102273585279861
5.161451048520072
5.205344576761179
5.250323262500456
5.285213747032481
5.360294664241066
5.370248555376449
5.437246115448008
5.511459047209268
5.635673066705113
5.695548674530144
5.7338898461681875
5.758500222949821
5.8114808659065496
5.870254278178707
5.914754546383068
5.964554641002009
5.987591915799303
6.054715501057877
6.0927457403927265
6.127005303226495
6.14726434822162
6.192646216927586
6.196657945707676
6.277699965559319
6.2900375214801505
6.3531009196145
6.424900286577029
6.464138080932657
6.491257237905847
6.568350926345614
6.750876692747986
6.862045282509112
6.9125958352323975
6.896692258680805
6.935734726296429
7.002011930293991
6.99980248537922
7.01961041216658
7.069768437914231
7.0854564062172525
7.104451422888305
7.145088201509174
7.1820506645623485
7.220122216227789
7.277060656940649
7.294880057015494
7.369465963778929
7.495063041905477
7.553036670135273
7.612449125682624
7.686991250637283
7.719942787245806
7.8048632611650275
7.861150421194181
7.957811024863767
8.03206297740948
8.104575112802525
8.135471451143902
8.250062587182871
8.316141175965504
8.310280929838358
8.32681862270493
8.354222966771257
8.355722922815758
8.371965450390393
8.431121663379752
8.552931772462221
8.59674804482601
8.617915650230715
8.694545297797621
8.731898572575105
8.8445473167461
8.861790321861502
8.867116360459937
8.886432315816569
8.9440995823942
8.976067480654521
9.027598491954828
9.096675753753559
9.07990770675947
9.13177169697328
9.1923644083959
9.241242948323766
9.299046911506839
9.293650794822582
9.339792982913531
9.37983033459614
9.37323807037
9.418430574522466
9.529877359817716
9.563416037808798
9.658158858281425
9.638248939175064
9.692621650313804
9.758147690549633
9.734838744766
9.826148021357376
9.836225863294198
9.972744356750338
10.057723071798044
10.035454216550452
10.079464651081853
10.125300043091075
10.188233870561673
10.229788654372554
10.300733947388732
10.4159113750481
10.454763737182812
10.525643383724544
10.651481552925445
10.63373673932409
10.728091673132417
10.778593194687359
10.850732140265704
10.911481650005076
11.048071782278372
11.105814812590717
11.159293139193714
11.27032302711327
11.28835269452164
11.271081555810829
11.28017054239905
11.367032860104597
11.368915743920692
11.331934827580143
11.433050383305147
11.394081536532287
11.45781371260391
11.464835303235192
11.595095620260862
11.544456587313109
11.588830286792204
11.76306240920727
11.743925700245393
11.820320416399932
11.79587026586414
11.860542656431575
11.951637459617958
12.02092932376039
12.089306713757102
12.117016556769629
12.22852756209593
12.258790514210185
12.378871981260836
12.375019846009232
12.409673205602937
12.488683249978653
12.54123481096125
12.547056748583705
12.596473642377424
12.588220298818177
12.571107220112138
12.822549189606093
12.750791498966187
12.744671619991019
12.751982806104902
12.800226990938068
12.924648962936983
12.874905204142623
12.912940333841018
13.018774658690946
13.075750898070202
13.139133999831719
13.114130920355912
13.111673019885824
13.124758563950051
13.21632329858772
13.224492464040534
13.244844269589244
13.229806925221473
13.32238547084222
13.306514173837602
13.292835420163973
13.289629789470451
13.252093963459606
13.288440488718212
13.341412641073958
13.390212462702621
13.411133276809549
13.479932003241933
13.655820644388369
13.729387537025136
13.68313533597295
13.678998062292544
13.645412289236418
13.75393773875635
13.87667325893659
13.913664007621254
14.061486201136217
14.194413413310377
14.153852052926863
14.225621561406857
14.224494934028876
14.231336661192179
14.210417418304383
14.267845519340606
14.153524779652932
14.26699516020575
14.296302004368519
14.341791780454047
14.43330032395391
14.384613087703123
14.543060448548244
14.405007076333439
14.44782267811961
14.427620327333468
14.459309902030117
14.425860871066158
14.440277377696214
14.48505229171967
14.636973023684305
14.6829185692738
14.547516046592177
14.638743194904174
14.59817634057475
14.680677061611222
14.628532417981866
14.70042689408324
14.732409049343529
14.729386285842667
14.69746573592669
14.687923622435834
14.60698334156216
14.654676235815153
14.718142206777133
14.767864963935926
14.762380410733657
14.716253662405354
14.658627277201104
14.62408448822739
14.64840079984027
14.684615701541064
14.726566274493198
14.667733543391277
14.677617136488701
14.679195318656985
14.726578175066164
14.734576839225117
14.68168745534898
14.826899860088478
14.84322252829066
14.808551665553802
14.87672709754424
14.757985078247144
14.740546296474909
14.857056026610474
14.766672764855585
14.800379525017364
14.930295305101048
14.885686839634198
14.870523678410185
14.821044879918848
14.918711166123407
14.877515772713137
14.872549212695263
14.893133954881069
14.878146080577663
14.878860101735409
14.962200896313682
14.908865612611269
14.880029095850926
14.950192847575378
14.94733128219733
14.854561156906975
14.857414480371869
14.905889806339173
14.899867766121329
14.945328383043753
14.958676149165857
14.865864462087083
14.93937682668345
14.898644334970403
14.949025756278791
14.958872962741435
15.06841841766962
15.002808128595856
14.885285925751901
14.990535418293822
15.017588688369033
15.058737697262533
15.02920160995857
14.991565483359595
14.96642480266028
14.932206508750204
14.98969215981388
15.063744273959388
14.998472067795207
15.03910581773846
15.026317189652113
14.957368074094362
15.034138550601424
15.020024679811742
15.08598387279892
15.07113671366572
15.044435229290322
15.034066084241372
15.099783635947592
15.069809449883072
15.06704127168484
15.070257274623131
15.060490162383998
15.123431364136337
15.192023626899902
15.176215966452704
15.154027660651414
15.397242799402973
15.432392393621397
15.391109845246131
15.402535602802772
15.4246093427464
15.41511476855977
15.322632595412387
15.334059144678246
15.427282745318436
15.363982640721881
15.41315039893659
15.334024904189826
15.432462722398894
15.3917183774308
15.337435760266404
15.414992817865027
15.38003374980125
15.441669562486364
15.356622768451569
15.325539960067832
15.341721241681137
15.389197629110235
15.394529690885586
15.353908922334714
15.459522780108975
15.317186312328891
15.355433785248815
15.422531108011354
15.42676787412911
15.390320630199845
15.447538977053643
15.413178150412259
15.397286242258367
15.324127394475966
15.369103631546276
15.37245493966748
15.44043679705269
15.420861136482449
15.336746101770473
15.399582984084278
15.349998884964581
15.40693603318683
15.389432887328793
15.344210064377261
15.42100149438129
15.40076369338403
15.337281250472703
15.389191142687427
15.341274213496062
15.3809942013002
15.380778615177968
15.400343980833005
15.3476891151569
15.342769181484075
15.327921841058322
15.38485500734287
15.343902930233853
15.429791396709868
15.355702845131354
15.466986194319565
15.353727998940206
15.39526351499194
15.382122750794966
15.372581111559454
15.392205500001726
15.3995096985372
15.359731697903113
15.392662370197895
15.34690468489221
15.36396433819946
15.353921651129335
15.440100226005477
15.324310447884686
15.456024248031229
15.352980536672494
15.382520605373513
15.371915913330099
15.417368959266895
15.404001277400644
15.404923851151644
15.359660213083346
15.408322155523804
15.349941097065624
15.335081013624542
15.366404435322305
15.406188520865655
15.320629342811877
15.435210214409127
15.359706618677112
15.36133396151859
15.282815451586794
15.393155318827995
15.344228223231806
15.366489614957246
15.363001994544986
15.318287502076558
15.449465594815127
15.369082269393282
15.37958313222359
15.36834175982629
15.389429041877973
15.371616652500572
15.364154412080318
15.423832819279166
15.394476246832044
15.34977601621001
15.382510055937221
15.393402269824321
15.420355004707101
15.415918065969777
15.418896247258358
15.367477800173061
15.461777341617674
15.373079553266242
15.411525031398368
15.341551673577467
15.437066916623248
15.376997617429204
15.418028489431322
15.406213903762149
15.40160414052934
15.413170682850781
15.341898359313166
15.458290925586725
15.405420668797813
15.331152633017194
15.429766576802576
15.369264419317856
15.328273494157338
15.40700392403407
15.40991300408575
15.382083648635351
15.353409794258745
15.406486168613503
15.333637237133717
15.405591125149487
15.348353499160286
15.429938725447013
15.383321245995694
15.420368890088252
15.363012169703678
15.40061203980458
15.411042485759689
15.376502562601708
15.318448619583503
15.368227544393097
15.328544197563998
15.377119005102356
15.394514069294843
15.39702607249399
15.323620860104185
15.38219687946395
15.385846923148824
15.340730468790841
15.428135838880785
15.381138908857867
15.399788343750513
15.349260420767946
15.369232719826684
15.431765059305079
15.349174301606704
15.33890155788022
15.391715470105368
15.38605442400835
15.405662098474156
15.369805027124817
15.407202766349544
15.325809501256247
15.404229362408906
15.352864912789391
15.38322479131525
15.413224182557505
15.405372774779376
15.362863559543767
15.38194093470867
15.384750354468796
15.355765566763482
15.379520271796677
15.393210679692489
15.322255681111729
15.340022924120017
15.422079477484695
15.351423082823032
15.407737309266377
15.375263310826943
15.387183531425958
15.40882463257609
15.367671338334727
15.373043061919514
15.356260585564039
15.374856711970663
15.393729376135047
15.388842464453866
15.412513507886668
15.343389531044675
15.369692216483536
15.387781593289814
15.37504782164418
15.407924683247229
15.382916218548173
15.35127823635405
15.374354100501888
15.43328625265583
15.349209679313782
15.305438593091912
15.386912349328913
15.402059983368686
15.402631892141736
15.42542988838668
15.352465320175456
15.401381547363233
15.393370431614924
15.377261579938066
15.308365775713124
15.394197109286885
15.428084389764292
15.402685294277076
15.446043964268256
15.400624673789817
15.428583170674042
15.37169381782353
15.398723559781214
15.368938141063882
15.401519663631435
15.379476508678412
15.362717306953433
15.368964842372623
15.324746965415844
15.38979299315493
15.415670331666696
15.398928094163654
15.398620082393526
15.40975436401731
15.347658818272835
15.400831761782836
15.407664608949462
15.369979347483003
15.38777566171455
15.36990127751372
15.401514589894965
15.370614251325657
15.383848994296924
15.33623525084095
15.423622213825723
15.397777777894909
15.411881262816856
15.389004819403775
15.383757725233025
15.46864176063965
15.394015532785174
15.377594709645605
15.364204638874394
15.34285402272742
15.397317967855791
15.362427806889903
15.419055184885748
15.385506677543834
15.379939577021787
15.320203973958598
15.420567043352042
15.427296250042097
15.301941151057134
15.304435415008598
15.315421099301231
15.365058750390471
15.402319701431999
15.356353823323515
15.457945156409513
15.373108036791766
15.399440782336587
15.390462417727036
15.402381839202514
15.398909481466566
15.387124478789437
15.370915878177533
15.361727644035728
15.411214474693388
15.355064961067571
15.328259732287494
15.394485441327975
15.40898797619359
15.386974371624868
15.35980888664491
15.45503242971361
15.385076480645653
15.356180979590626
15.378092965419645
15.389951036740882
15.373734860568199
15.482591495825414
15.437323451652183
15.362622354022653
15.38792741999895
15.392217149785576
15.389136998251782
15.385819355654874
15.448546708957139
15.423589830842726
15.370332713745904
15.358740742673758
15.35391007569754
15.378862803844436
15.382023858781965
15.399139799960448
15.426946597339743
15.37547508136966
15.390415864406375
15.41586611208318
15.385851721100172
15.34543374410153
15.363613611350782
15.356587531076816
15.403006922172294
15.282008335582788
15.389327059179855
15.35971523572284
15.379678987328086
15.374073745908417
15.38066498003566
15.349085347535596
15.376329465589821
15.399066447734496
15.357918368309592
15.326520950991696
15.38860432261437
15.390053685133683
15.35878864809186
15.375677024977117
15.389443167231882
15.451443094321224
15.37465057946104
15.36748343295447
15.378076775350582
15.394192332719742
15.37745367281657
15.424858921628779
15.390670289491435
15.347126841659989
15.4090774962581
15.367208494112143
15.397277654509816
15.390365014692373
15.378707884984756
15.386220432905498
15.377127374793606
15.417055497409617
15.412699274783666
15.366267381919144
15.354573683229981
15.389403608062217
15.370686257490402
15.386130378443731
15.388247248598093
15.356131257264334
15.397996718678606
15.396505231447414
15.356419555701782
15.345992176475715
15.362774795643174
15.37614369542466
15.365582283090404
15.40301520966203
15.362693166762021
15.418192082993121
15.402641421365825
15.370810539976022
15.333184656787637
15.376004930334641
15.369218391647001
15.375654032533312
15.423520815910646
15.346425486704986
15.364608657099215
15.387249922340105
15.381660897336811
15.410613223771543
15.362708256207519
15.370394468217858
15.374356093019625
15.362060198627873
15.386582498947785
15.400094776279275
15.414129700696476
15.404981992044265
15.348790370839344
15.364492877109168
15.386461541328842
15.371197365469227
15.393029935327574
15.415364064359695
15.397167859931782
15.432588194923271
15.409865203867382
15.430503165198358
15.408244983981842
15.444064638772154
15.401660756943414
15.385124881887426
15.428672649638097
15.393907492661455
15.41276252772701
15.420938853399793
15.340760487995285
15.34435086748084
15.364980012038242
15.371659007232775
15.378177543661732
15.37233534962674
15.374069151420631
15.388286334269628
15.370626637936017
15.390336012648524
15.380972848527087
15.358518857110065
15.412923344948167
15.38654490317386
15.385273117355865
15.413250981123879
15.378206239122342
15.383627551436588
15.396302368958525
15.39234074990795
15.429139189325724
15.427892219368255
15.409455234600639
15.371478477003496
15.406427599487497
15.364993157536958
15.371864211419217
15.407972572643201
15.411521315471497
15.408418320567906
15.372860079485333
15.364768777916073
15.402743063855345
15.39135143807509
15.407463977351908
15.356669653205168
15.379957747605493
15.362375681892257
15.388324976153925
15.376148126311227
15.34268768398259
15.392144597680643
15.363642088982733
15.3806801988517
15.37180023322707
15.3979843384825
15.421413013756624
15.341700447422255
15.417185378287554
15.43059901297624
15.378373004316044
15.398485955389944
15.376783722481125
15.423359936584264
15.346396299646676
15.399369023545443
15.41606495470939
15.365765639274585
15.405184948914304
15.365689531416775
15.346394425351596
15.353002354137486
15.386792381576925
15.343141032516359
15.427487822866256
15.343201881515581
15.394753154395318
15.385276340705826
15.351427078102013
15.357399681693561
15.37415605385738
15.416890584131165
15.400385098598099
15.369165368540267
15.377967330705479
15.400277925595098
15.346956855102396
15.358990741316978
15.378863720974076
15.349013176835138
15.345822062185968
15.408967446704818
15.379585496952267
15.398501097823754
15.367617001354692
15.392863579240183
15.370214187770522
15.382027555021821
15.394913784496428
15.385670732177285
15.394693810573436
15.376243159856601
15.391319571240667
15.39735982593734
15.33904052443496
15.373521548273008
15.34421806058089
15.383694631921667
15.386310108724677
15.432535969217621
15.40329005510711
15.385809501033076
15.447585996344017
15.37717042546208
15.345685590850989
15.407456533664742
15.38103324301156
15.353343944297539
15.361740851167879
15.362148237353527
15.41558749384628
15.37387945790099
15.35516351194804
15.38037346217792
15.363093340109321
15.44784665796275
15.379662877803096
15.372673650120996
15.42570907614079
15.362067208255588
15.379456376595789
15.357513160357781
15.375983736507656
15.367795497581023
15.379663608332825
15.391688739135187
15.411988496537443
15.406811328940226
15.378330217845624
15.369389125271708
15.383891961002723
15.362623115583828
15.405930348130463
15.402936304213672
15.367498998819626
15.390929924805395
15.403405437270843
15.42865033585232
15.400043280067397
15.382748916490824
15.432804257173137
15.424429302443022
15.370366127605099
15.39331803200121
15.385867685016887
15.320536815664445
15.370880855910656
15.427651548983732
15.450808352434906
15.422163479213625
15.405606770300405
15.418181864607387
15.395514766765242
15.382314541983435
15.371708382061188
15.365453271802041
15.397492537554369
15.40487818991656
15.360235394854032
15.399225087345394
15.40556570835546
15.425331516864007
15.446206309508607
15.41789493761175
15.390631550326027
15.397468174440254
15.384494335084993
15.423949574752525
15.361452531783097
15.377123254396945
15.459756664234739
15.36926373662477
15.384332514596203
15.39882564162428
15.395372721943565
15.388119762677793
15.41639038609209
15.389975354416604
15.368527850228249
15.3995262904702
15.378442927232944
15.370786201925155
15.3652672711081
15.37237107628691
15.350096693598955
15.410351397536957
15.37110831722278
15.39257888938841
15.435359186601493
15.389082981347645
15.404916211182092
15.383372165581136
15.401900578110862
15.422303585242155
15.393768650958062
15.391142968532396
15.353684663383229
15.364951777165487
15.421726787106548
15.393011819122137
15.39165404245117
15.427016377899475
15.375454707776772
15.418979479703179
15.40903597451935
15.398366922059024
15.394071157556619
15.393006228966902
15.32594794109429
15.362050795668202
15.392617639957011
15.400024996510155
15.374898375658669
15.39656298392783
15.386484167477136
15.394200488309833
15.388439953187497
15.396144903765133
15.362804604540456
15.369338926817813
15.345609470196614
15.384626209972243
15.39980959091101
15.391083724328963
15.397639643740488
15.380193459854784
15.423287947914888
15.430947904637764
15.38411944631075
15.37822436491321
15.373159210717576
15.3496197791156
15.383855934685757
15.422582022193291
15.455799287523252
15.39665348524159
15.402532373820954
15.378861055724986
15.349551553904835
15.372551611588891
15.385658316771433
15.387013992144949
15.372361835128443
15.363654496397327
15.405881122312213
15.431885878580063
15.369062964011883
15.434507222587696
15.400838171248388
15.390060248631917
15.414496969531243
15.370106863010541
15.420705687374248
15.38835105138652
15.39908373278467
15.350958611290991
15.36105553900701
15.37216447643141
15.390133693887002
15.369548397151952
15.419225841272661
15.349074723811402
15.430555332018358