2.71654969742601
2.7740881402637583
2.822200873177991
2.8767079175175607
2.9404186766793745
3.0171288962885954
3.1004894894009993
3.145833875641031
3.1924423233870085
3.229930217760652
3.294000702615308
3.338800019155179
3.40111756347531
3.4529758326267754
3.5473590473511027
3.6165716826666876
3.671462519310125
3.724365662019364
3.7731817284960134
3.8329826202057924
3.8905498590384204
3.9710235947180945
4.068346574626478
4.137077454590274
4.211700424510308
4.289054797066494
4.316119467328026
4.35732005315152
4.414530340507179
4.502553891736279
4.566199936568707
4.611903098266439
4.688482325553772
4.746711652763965
4.849165462527713
4.944305399380713
5.017482778853899
5.084238489494745
5.178238187099177
5.2550598318622
5.307575250513574
5.401602707118477
5.464815022595301
5.54840638371244
5.6002937188075625
5.667025882840271
5.7440301921765045
5.839499666377206
5.878459506860241
5.918684339015622
5.954748161031563
6.03201100881192
6.070268118324765
6.152397785226353
6.184894184731353
6.22806703134812
6.277671200372326
6.3186262340595105
6.375561329584065
6.489716400729974
6.522697371980838
6.5932934168123785
6.682591863286603
6.745707746716506
6.844237917632887
6.880068344789241
6.940873691321479
7.016789984335915
7.034126442714297
7.154432778400523
7.217594903916277
7.227284923993315
7.300181455737675
7.314880460918767
7.383992974206689
7.466599029825818
7.492204838988708
7.556933960325551
7.611060557155863
7.673064726703932
7.6876776019267
7.778348594287788
7.838956538833993
7.923431717491803
7.953152054600278
8.022341571015305
8.15678074975263
8.128105549664177
8.175769214748518
8.229602236345453
8.30136247003982
8.369940993455733
8.425685447207258
8.499217235543236
8.547550378699793
8.55041837261433
8.640903970186153
8.738065809886441
8.789262172147522
8.783389188181406
8.806919331911887
8.841413706193471
8.849368826618344
8.895902534074494
8.98482521697829
9.022482176549572
9.0619301305747
9.11027700256597
9.15506899880301
9.17155141252533
9.188114312009485
9.210779833910872
9.222627578030306
9.287250135566481
9.392949078882467
9.444736431402262
9.466628896940259
9.509341837289972
9.574228904913467
9.596871330760239
9.637218466929358
9.654720788199958
9.735757212315733
9.77927090765859
9.721508131632408
9.783390556422248
9.791488809729394
9.84353885896356
9.860802988180117
9.875553329256268
9.894628912712848
9.902723115971282
9.923816650509478
9.95585744361862
10.022162952546857
10.018190543031007
10.024655585151097
10.025540852820871
10.038919831131889
10.027093889064819
10.095860404244272
10.145768062480318
10.128449980827098
10.12855046690715
10.183821048321201
10.271404676106727
10.254196470654215
10.270482793262383
10.286479979249561
10.281807011036888
10.299886856263097
10.277684398659396
10.296273730562971
10.266557920058277
10.253992775860088
10.24108687954654
10.28427100825364
10.335798776762177
10.390993337361952
10.429375216878915
10.42618763540496
10.422074605585395
10.407170664805957
10.388991170043976
10.308335164665356
10.380301681673147
10.417866217025654
10.435280476059798
10.445772821149768
10.38508373885292
10.38411481922067
10.407442735153522
10.439879452106867
10.466328637904793
10.589357812895319
10.550571507377654
10.5350902927365
10.5525147767322
10.575773449284684
10.549469927702063
10.57816383355458
10.597826930958236
10.582069875857867
10.595480810053665
10.660316348264265
10.665385094325831
10.656169658352072
10.592581721792195
10.613707515358806
10.585261328438547
10.625480712082052
10.596741430513822
10.632812214836239
10.691080795494544
10.715000072467657
10.697893551213864
10.702093540895028
10.729369500912094
10.800265986583115
10.823153689091678
10.780966675104207
10.749136330545458
10.832640470380836
10.83047218415035
10.887634949985081
10.928259275254083
10.944703640621542
10.950702763728046
10.937450266964523
10.974716034922633
10.993208448219631
11.058367249096026
11.057684886944873
11.153276253252903
11.104440612541971
11.073616326462258
11.057523232338486
10.989216364975332
10.975202696031143
10.972777414446956
11.06646987167423
11.058412562466895
10.979783942330206
10.954209766065993
11.026843065157902
10.98934688243659
10.979417198710788
11.01986344431022
10.953673586584053
10.878897099741842
10.925825004226793
10.90421613303469
10.940507686444167
10.944490987377536
11.018535928057583
10.993389784307565
11.005599741348188
11.02496151672256
11.010347158247718
11.044920178067303
10.948120887074209
11.003446106094092
11.00357023342099
11.012754859866867
11.084558454079477
11.153939232758248
11.16299054622111
11.252508338295746
11.217578986491649
11.25715608173447
11.212541259079474
11.151679420059038
11.131199264630087
11.129263481614778
11.092216042451305
11.08236211714456
11.084387915106653
11.154251940186032
11.141971275671764
11.075811732553971
11.114201341781158
11.141747013023299
11.12979762996329
11.111151413371404
11.114911239100712
11.141365481764787
11.07237891755832
11.128644693073865
11.187609515718547
11.24561970719045
11.250052354399728
11.264858335843588
11.305494130800046
11.373783806740828
11.294186600709736
11.34399862783447
11.326585019494864
11.343723757632128
11.283248994329872
11.277478517600796
11.29596627838697
11.220964378882943
11.221987607435667
11.210880681092588
11.229571911530194
11.218039969671464
11.31879867237428
11.433293158253917
11.439581550721558
11.452327045250332
11.429679082957568
11.477112538707374
11.490682877744158
11.498028530264179
11.452075621306752
11.507261021777094
11.441643417130889
11.509350470032683
11.503909092179319
11.515544427983796
11.494058124258109
11.51252464237835
11.456387740294648
11.445753580133468
11.398539385541188
11.352735517900436
11.374561417513846
11.444730793788546
11.452954352221646
11.42433043821083
11.361713825038548
11.383127605259844
11.363175146239586
11.329049819180028
11.410753707255807
11.333860514145634
11.343466826147115
11.334233938723488
11.342666603121687
11.321236861554363
11.354280923827345
11.356578473948577
11.301220425158453
11.315550569831725
11.373740211704172
11.330641905203334
11.340201857797961
11.373148751380075
11.39495362971149
11.41694861029983
11.3930031681046
11.401814510196369
11.413418760072867
11.445148881756714
11.428238663743812
11.40723214846557
11.504733945365286
11.576093614241017
11.537427406297457
11.526847834765748
11.589326421118692
11.59571388614908
11.584518587647613
11.625306948921411
11.64582733001732
11.622334736335139
11.599125035202354
11.592634903878665
11.642066117738741
11.808392265659196
11.800911790456329
11.82209748129076
11.884941589408546
11.750972210375556
11.764267413628621
11.714993942636164
11.707273520997708
11.619280072385495
11.595615191103375
11.640408631413985
11.634935475091721
11.68422425736619
11.6648747609503
11.627616674211344
11.627949111578648
11.654189640413449
11.60344207997556
11.631477801738107
11.690768760928178
11.706260085329887
11.69718057127009
11.628426308037914
11.619427579001158
11.695816496119367
11.711717153955806
11.69523556922494
11.673343405069003
11.688176029838843
11.66011575521938
11.639395586554988
11.63622888534453
11.753029914223367
11.690368389525565
11.668043078922755
11.6456650821252
11.651937291812333
11.669452926660691
11.82223475846593
11.882496322000755
11.822730456352915
11.903164294778641
11.957707770853812
11.944230688242003
11.955884063989913
11.965379513928026
11.968369674569987
11.890598207924546
11.872974727994986
11.813751173668335
11.846264403697893
11.848151584072548
11.883119923617825
11.915221839877029
11.933439314119395
11.89213205172889
11.862947990845603
11.822254254480798
11.822091994295887
11.801322102170392
11.854645809795207
11.867142249393954
11.816253718347648
11.797329022034557
11.773589695588166
11.728923311154167
11.73016829380067
11.748046129123068
11.67862909220625
11.648047250390224
11.608112456092469
11.576679358428846
11.57007799513805
11.598873425731558
11.576016748119228
11.586288838927718
11.624411379949882
11.600925518003685
11.64809555860705
11.601709259526896
11.598839757835657
11.651607553651786
11.631323552995722
11.616164235101758
11.609848009125068
11.599491437579516
11.640912757721125
11.698864363624565
11.639380530254074
11.612445163694632
11.583864990826854
11.607708943567717
11.604960612028677
11.593671086665191
11.616673865297699
11.608944819653834
11.576584312522813
11.626391777747216
11.64475931146939
11.639352833840217
11.686881570145744
11.656419135659956
11.59865185933482
11.62138661476877
11.683534414914387
11.644674502677097
11.66902897325295
11.715499940752137
11.696569367673838
11.717812753832296
11.66274511059482
11.690916203593135
11.683465074463012
11.677674175916513
11.670466102070522
11.651770075292553
11.570135382268818
11.578252921973622
11.633209102154474
11.677794580693265
11.66143572408081
11.704867142591233
11.684817536285394
11.746323101977456
11.759196620910025
11.71337952212982
11.699853519358024
11.754122841859907
11.693743755932728
11.729836590649763
11.70173564923947
11.733516082824352
11.779873116057527
11.78727756226289
11.87388095915197
11.943375064596859
11.899835683656205
11.887846871495203
11.906027424780238
11.850879849824887
11.85497211823678
11.953928610634689
11.985615364289169
12.0127709900697
12.014414294856262
12.011642647809921
11.990993663231938
12.03126164937048
12.107461727144356
12.075533163881637
12.026258519084237
12.062970874539753
12.079008675792762
12.107409575763139
12.073215119519427
12.08397802042168
12.114032639574637
11.965644641654125
11.927730271460392
11.904004353987004
11.882855436935904
11.866544805558332
11.82857665883159
11.824163059117343
11.807485911804186
11.757313739974318
11.828095835838662
11.841685688133333
11.779444888990485
11.760982729241551
11.689461991250768
11.730970752401541
11.7185131309669
11.685689296196793
11.742573910593933
11.685496848263073
11.711783619349164
11.73675632705105
11.721858396334586
11.755731081038505
11.835567644463236
11.83805052985342
11.850039835755412
11.823634502499152
11.861060916787906
11.824817677606273
11.776805374384436
11.797233838638322
11.861911553789644
11.870566600992078
11.92428962009041
12.037596358752996
11.975235822714328
11.986418572722116
11.945959265337818
11.932953168214121
11.968037991336127
11.938912052496063
11.904581173398604
11.922340275020835
11.937581895804628
11.932436919292796
11.904533638596714
11.897520098676681
11.924979831519472
11.935164723213468
11.927939117452052
11.936452502132552
11.919376707084334
11.876576191200618
11.870793687041765
11.861096851428883
11.890521749607926
11.9242721355619
11.934796005203324
11.920081828939626
11.8909231302207
11.928624250087482
11.902794319652338
11.92634669113507
11.903060755854167
11.83261216303121
11.810839497247551
11.819698844647533
11.751340545843739
11.787298309272105
11.779210325221284
11.8067118189304
11.885963521414844
11.899011292939036
11.832889934943603
11.834593831615077
11.816282824368217
11.807825340088433
11.790045752988641
11.744471416810274
11.772947703252514
11.735767384687481
11.7479154268015
11.690295805970367
11.662257340181133
11.632685653033505
11.569952084360363
11.565271639250346
11.541949435229188
11.56627863754294
11.56890908674385
11.52469458187383
11.524212541146218
11.487078881698856
11.450307617417733
11.435246914866278
11.45896104051494
11.475476370883541
11.463670477723893
11.478530251790065
11.494847616140406
11.48925500253371
11.506142353533706
11.523674981910734
11.557522853726844
11.608292829613962
11.648559113823719
11.639050471851016
11.70628224120675
11.788195575588215
11.746421979042992
11.682067817298595
11.672213961937437
11.655846177513999
11.643161122116352
11.654855313079176
11.634518353888708
11.599618711159984
11.612882621976036
11.57631229635445
11.537524913771405
11.527383683290008
11.571477063739803
11.586354886570641
11.585740078420583
11.598169556173604
11.553210087296419
11.487378024554031
11.517743645668844
11.543444946626874
11.569291448461742
11.60314739963568
11.634116616735701
11.64940500286776
11.604178130915491
11.628355490620814
11.680480571215899
11.649299933507589
11.680706372042406
11.680534502970433
11.672682018558293
11.689917775345654
11.710515841975166
11.731028459426259
11.793703788220283
11.798643074998978
11.816213777021709
11.86165230227073
11.918695324047906
11.894834003661783
11.881374598089481
11.858570326345507
11.801515957763149
11.776499345315033
11.844535143298248
11.8464236303731
11.875864287383603
11.97534592441014
11.986401608354631
11.939242140446614
11.932907848595073
11.92551511304757
11.939096750355937
11.900503430569234
11.9112349512738
11.93337275658406
11.929119031440747
11.93590599925724
11.88163137651082
11.895319178561943
11.876382364957927
11.911817422416064
11.859547352084327
11.851391072645077
11.8539724866507
11.848696791268095
11.852243781353545
11.819760242391762
11.785186811080976
11.778303230923203
11.730099422721153
11.686013874360325
11.683093068573788
11.649304188491547
11.654887541821427
11.680470549174936
11.64133768052554
11.640764006721161
11.702993868196032
11.716702791513391
11.71956896943142
11.653816681736687
11.66193582978534
11.68139846786544
11.728275795445878
11.728715161083468
11.710844178457846
11.740122313306763
11.775701953099393
11.763656209948472
11.826651578158106
11.835297822769725
11.834998025976677
11.844563163586486
11.841379236773726
11.85544976169761
11.886735446191699
11.863632856657603
11.889719608835616
11.867974963927654
11.869251574793406
11.865003860530356
11.841489098063398
11.834250966079926
11.844994066672694
11.799784613619769
11.825125674467392
11.86411644754089
11.87458040992096
11.868246639865522
11.836101403000209
11.815343647486303
11.790788785436186
11.8576449279494
11.821113872679879
11.790936095128341
11.771169592814706
11.786045583574346
11.787015405481768
11.76178259828707
11.77732986187149
11.784034584970858
11.744100722355258
11.840274719883675
11.8102658079845
11.819351276209717
11.891392881783545
11.936688653493457
11.968800146640694
11.962308962473433
11.980639330160214
11.954862334927116
11.934553795551587
11.950235021422356
11.90808091971555
11.880058808621957
11.814382950415473
11.842027711711332
11.878093424954923
11.895420005292607
11.86298071089049
11.831934179601932
11.868211673031373
11.917479308209646
11.914947990019316
11.867569912715673
11.877154211606888
11.90662381170409
11.89602651034069
11.901670156542655
11.965608711195907
11.990276456997162
12.038128616513527
12.012546171514199
12.008802196162067
12.023730931391738
12.02093391843105
12.051443101936382
12.04814692312545
12.018273051316378
12.02775202487837
12.036781910933723
12.043126030881169
12.054387158386433
11.968270783673365
11.971019210187706
11.904447362732261
11.907472525881866
11.88487277802864
11.856558785653236
11.860896928219741
11.83452564023609
11.827863664084235
11.818124082916771
11.87389694105996
11.84729523128838
11.898003042921315
11.912201388933006
11.883883128577857
11.840425884843379
11.848717929170215
11.865412388211645
11.893879928046825
11.92128745691137
11.914156761818367
11.88987770323664
11.918636688301785
11.888668048996575
11.920288253206367
11.900096288075387
11.84469600099851
11.88622948071304
11.838431607841143
11.831672114393983
11.830490743809856
11.790928749342589
11.774526983856031
11.766906840364934
11.730935448001745
11.703228829024628
11.714632643128837
11.666991892330028
11.69327843605092
11.705934129902586
11.721773966981155
11.721304405376761
11.743016195138814
11.703872634785272
11.708793347009422
11.715349910451161
11.734609290279623
11.72685625343584
11.746856316820647
11.710842740099805
11.73039300572047
11.746561290509735
11.733963239383504
11.728180066053879
11.739448652816263
11.741626649709742
11.762393187101212
11.71287100033996
11.694539648155432