2.8619897635241585
2.8893245519924498
2.940764786689592
2.996897979390506
3.0486652996739503
3.0923740455285866
3.1531292809342237
3.171580298906719
3.2135949178984435
3.2599021417209304
3.3074713565493465
3.341848127926713
3.3765538892707623
3.4342981205311793
3.5180495076948817
3.5402739188194348
3.5889862422558947
3.647833449195221
3.7225683046437745
3.783150176749821
3.8044791774439752
3.853991605260863
3.9105999097031017
3.9561099027907365
3.9798955710178374
3.9965378133508964
4.049603411367234
4.126932052002995
4.196999202839617
4.280674758730284
4.342588686074764
4.4074760454413315
4.450253617107353
4.5251903641077975
4.59747683597705
4.647169305375885
4.68431089312526
4.717920665766628
4.7735159894338794
4.825624526365944
4.8924245257670185
4.929702249071111
4.970004439454418
5.04002362533142
5.083094634005518
5.112157369979543
5.1531249832494055
5.22136298706851
5.262769570851512
5.292863844802309
5.367340242128898
5.420728072807822
5.471522943932829
5.51948579563744
5.618417143294368
5.651593090418963
5.695622142710603
5.763970727813002
5.8098938613243325
5.85504238721397
5.8885667606420595
5.957148959402313
6.035314766557554
6.183733831838268
6.163237532488558
6.274418836740778
6.343884302625958
6.363677925956671
6.393999117857627
6.422314434902979
6.499625999549162
6.526959573518857
6.598878661342371
6.625699306372595
6.6619756735367135
6.721907868072476
6.743421935390076
6.7545995014746545
6.807948401037099
6.8276228323474655
6.8771384978959675
6.9061389021001744
6.9322518903980885
6.965726713227261
7.016635018861773
7.083675346345516
7.134891783831672
7.176331168519565
7.239116230526937
7.2791771841095665
7.298992127761782
7.3368368165728475
7.4321262733244025
7.456855591604743
7.5069595391559085
7.561052299254973
7.666912442091653
7.7267556512007065
7.765558568479047
7.824555497883069
7.839366479374354
7.920734423173238
7.992858984263823
8.089865883673697
8.146582338761062
8.161293497675958
8.19152141808584
8.257651510625688
8.326490120815649
8.380023144560669
8.419635931299121
8.514874696951887
8.554815514916898
8.61124732531134
8.727685387701948
8.726594494751192
8.766162017778385
8.803224084437906
8.873159010603345
8.9139230660793
8.925718882187091
9.011426465310542
9.039642851460583
9.082405604008374
9.111837294708689
9.119144691877226
9.130829064087996
9.178778998890062
9.25792689563735
9.307952026400208
9.393969235077153
9.450078682621282
9.425875040665709
9.54263376478319
9.552189841937205
9.652282345530725
9.663655724272305
9.686857054139786
9.78197935737383
9.761160351049806
9.862481674539621
9.900780770341084
9.980697454778095
9.982073747988196
10.087536502371186
10.175390698404085
10.21020407884567
10.262139716593925
10.310333834249306
10.358298005531616
10.479511716843406
10.496776411959459
10.58448889632613
10.556268053031973
10.617179871191826
10.73139036875959
10.737677969105482
10.812015268477811
10.811151973198134
10.879431415815217
10.968583130084724
11.016549071071152
11.071404865869198
11.09803509316439
11.16582638335683
11.168685704741149
11.20340972008234
11.202606746059383
11.272964947525866
11.404698241141718
11.436143037930604
11.432386881883117
11.443503852726082
11.505054667406082
11.476088032053427
11.522532305850067
11.59383768966182
11.547588461620045
11.572791571597994
11.737423349775991
11.7117947839734
11.802299021302716
11.746906421637213
11.76150103599241
11.749132163255954
11.728587240198891
11.77082207552288
11.784979068111209
11.861438519453147
11.952551500801741
11.937478565702431
11.984941253122296
12.076359245163337
12.092564106155224
12.182577969133318
12.162861193809336
12.292186161169042
12.227892877884685
12.37679386446152
12.36483215493153
12.371682668049601
12.456615666135693
12.471596966165407
12.559970539295705
12.535949299732003
12.58667183280009
12.668216744793822
12.58954798220509
12.690478185915698
12.68648076967149
12.886638868776467
12.909879599719924
12.801232879561784
12.881094156275093
12.822610251292103
12.913987995407286
12.951673109512239
12.905913731480924
12.852032490370515
12.881076303073288
12.910048127263543
12.991247037067037
13.010401173320624
13.037615064976082
13.042595617334749
13.050274073903074
12.9463074410444
13.045290856410277
13.024264999399767
13.240748306389067
13.196061467362702
13.177165931396045
13.20556369138086
13.27866982936398
13.341826327070327
13.253750496451927
13.226853407998721
13.32894647177311
13.392853335728558
13.44778020949399
13.384879630174419
13.374685096673446
13.486748890836694
13.491886286849581
13.512352461173794
13.447310293325335
13.563265556501422
13.562760852030685
13.64144294630977
13.593386568178921
13.558370088683416
13.606901702158217
13.763325715628095
13.728457058298599
13.877574320822424
13.8645134167843
13.96676648472009
13.978954940257733
13.990325960663114
13.995594321576505
13.996916567399461
14.00419718725249
14.023289419821173
14.012708315436248
13.958380347466571
14.0571640661396
14.139286538612165
14.209791617887966
14.278737299709489
14.321161762822442
14.430508712995989
14.451498895791376
14.523240649213356
14.515152009989997
14.566704320231489
14.540882059132805
14.466943748879839
14.595742371220252
14.608642900464144
14.674401682993684
14.671060276239478
14.705310319331993
14.637246097032031
14.654330767330649
14.685517378062812
14.664918547238003
14.728825441196758
14.703793620695368
14.745616957666005
14.828790338969482
14.756669402584649
14.765693371509538
14.830074635421392
14.843858434597456
14.804005086204208
14.816303935105205
14.857081676327656
14.823719526177562
14.926932840152881
15.013168460207035
14.95823651784451
15.04239731599292
15.004043740413941
15.005419966739844
15.017706131168216
15.023862596859553
15.036320962631024
15.15343466315888
15.029434226494857
15.072632320583095
15.057830291185452
15.132918780465623
15.144882614233206
15.181054904610786
15.068581463659195
15.106358379391699
15.093737731454379
15.095184658189009
15.141297504883543
15.12506354665464
15.082809933134165
15.119131099234089
15.071080355381877
15.041526776788231
15.103590905769734
15.123015597515607
15.172676644276189
15.022304738336317
15.139651881709655
15.129431821834288
15.151664171670516
15.111611022485286
15.136108029312954
15.117373334277946
15.137046383936193
15.127944767329097
15.098930936733359
15.15844604539358
15.103362716068242
15.187424221230277
15.049364049467053
15.11655217143571
15.076329841113997
15.07304963939115
15.094308032710291
15.075707061497207
15.098187869290792
15.168566283176068
15.196331234027351
15.270972025337285
15.202103745410518
15.167443292619554
15.23326626257488
15.191859625382294
15.213210004113979
15.175104818459449
15.149295429222013
15.211908326751505
15.184088755062605
15.230315118473353
15.121366019380252
15.211985637869619
15.22671382398586
15.275090674798703
15.148222190460848
15.23072654964874
15.162604162010444
15.225442555474569
15.1841846606464
15.221327795138864
15.179943687802051
15.23165205520018
15.093014375930073
15.197186663396314
15.138895977677334
15.256181158500459
15.11282553871647
15.164135877956857
15.129684268404809
15.157300370144462
15.190093958283763
15.191321890869986
15.179600336069269
15.231204933998786
15.223078041317695
15.212917466464313
15.151130503542353
15.13848301923218
15.226913260361027
15.229205402253356
15.194366909709718
15.264482792485175
15.26670094696606
15.245942613429257
15.256131987008327
15.243152720815294
15.216061852252244
15.259710826702786
15.308761111323577
15.27245340872142
15.301978110920928
15.291190252175827
15.304856115446645
15.30104849072379
15.28999715423301
15.268697453653607
15.217474732300909
15.17477289446152
15.274871585782499
15.208013986017313
15.251041235064305
15.237699169976272
15.314970603037183
15.23010317795514
15.287437579997501
15.280652497430173
15.260972571307796
15.259544671507335
15.301817070102958
15.330694598812604
15.259387710280743
15.263481248475902
15.261639538670963
15.358239891064267
15.291667510523512
15.229090168173206
15.291897885934954
15.312944496975456
15.267712704326662
15.303878525684764
15.249984174120607
15.256679283141644
15.19782214485204
15.2281771937041
15.239739729661903
15.294441884736246
15.223030850466088
15.29543967815031
15.248046576327043
15.309131884646561
15.301766081843352
15.333787439856671
15.252334450611288
15.340047490529713
15.290078823775172
15.276370310011485
15.275708051650929
15.258841809948624
15.320481015947808
15.276552847547505
15.339528422948806
15.248769725789181
15.28977740558049
15.266430378799706
15.275730505139805
15.25373342508865
15.223623880095936
15.27325557029222
15.129754004978736
15.242512966016648
15.249399413563719
15.214455589636358
15.269303735129945
15.289340373797597
15.27721004664484
15.211803598724853
15.249777552300639
15.271202568711367
15.291886641393639
15.253423613487358
15.256835972356258
15.221059004704335
15.233363669176596
15.32036534833581
15.343142899337451
15.272086253222117
15.24827477562958
15.274789858367829
15.25597582882936
15.269912312258297
15.315692685012177
15.283741641710161
15.373845514783763
15.277412569802355
15.289581715597798
15.273894414403374
15.236774726131719
15.251785707854964
15.258120833824536
15.244484107075392
15.251373396434472
15.218781943747342
15.285318175049214
15.2921873752249
15.264950741306432
15.325991985194813
15.277346577211958
15.220278490620753
15.264447420927354
15.221672778413899
15.246512914294808
15.253859321531465
15.188089086513388
15.264355289414894
15.272385678840122
15.230696767030011
15.23041166346255
15.226054327923151
15.351012747413664
15.242871153999994
15.26167460420079
15.290445635202348
15.272252383160515
15.273901311289181
15.25554648606611
15.217182552147015
15.257091366441923
15.17431500312384
15.262133470520341
15.241458033823864
15.276095025683512
15.292210718257943
15.254386889210547
15.226991048382997
15.240884262473832
15.274165365824013
15.259802043554659
15.276240568181459
15.261418786512701
15.2433581724406
15.287901674421137
15.270844730619354
15.260113384201887
15.278046844430149
15.28114180592547
15.242549258434876
15.277183618492272
15.245897999264212
15.272360368203202
15.270401391699533
15.249773830765594
15.294749352380181
15.28181086480151
15.233985604061015
15.218236076672222
15.248187780727044
15.24389596735906
15.240030634400153
15.266358507368887
15.268239484256469
15.276290685264048
15.236623950575025
15.232354039717828
15.261622722763853
15.229541020737836
15.252922550757402
15.283428552012385
15.291496601848786
15.246397969263223
15.302072623678798
15.26276590645157
15.29103655357398
15.241143960095595
15.229748870401998
15.257923335307852
15.237342469631194
15.259602076681098
15.256317357882372
15.2496165511096
15.2732917508165
15.242884906418068
15.236148585691279
15.267633219262665
15.263298479802485
15.233377207370763
15.247806087639269
15.22140135897503
15.27101930697235
15.30060370352187
15.266650796259473
15.307469537578143
15.297972910963779
15.247091103370009
15.288982891281954
15.297960020790782
15.299669685375266
15.249761133800323
15.284016387036347
15.320334325481912
15.26292710947865
15.264546118159632
15.284830718527978
15.27727022302372
15.273816646930273
15.257674032565557
15.298376288683155
15.263833023756131
15.307066191087436
15.245247960677636
15.262886601259945
15.22925513989399
15.262668356863744
15.237566821985514
15.24939729805585
15.296419406342759
15.297245917138813
15.248385169747973
15.27537459134451
15.287728546438595
15.219115007981776
15.219413798452997
15.252914254321253
15.29950411161925
15.290921481146006
15.29875489077645
15.272698308583847
15.287749374362283
15.286786487355272
15.21745242668245
15.232889562050847
15.29866580482432
15.2635608563526
15.207683066232363
15.19408991761311
15.277960174366637
15.288977822146098
15.320460538620885
15.293659837843345
15.30430308687961
15.231774440317128
15.302187298717087
15.225026316641467
15.227871728211637
15.242728069476819
15.250073739005638
15.255288108662995
15.273283376875899
15.241016816684649
15.16973103573249
15.310530374365852
15.259949409417777
15.1621857445659
15.259635714517445
15.286199193837309
15.260950969587757
15.227287136015986
15.350339914655528
15.271367605272564
15.268079916625782
15.298112545556418
15.233805129263661
15.276544200623835
15.233370646021989
15.278710308875205
15.257597442415614
15.336771462022368
15.213770598304581
15.233237899331918
15.241821089692385
15.278202562659963