2.5760506978255844
2.638739977158627
2.6870219817724807
2.7497925324142054
2.7916586190570527
2.844739802484164
2.9122537931993575
2.962839267194509
3.0190100824585553
3.0663712562066725
3.093673788567551
3.132573887502642
3.1702836592853663
3.2048719110854167
3.224316318770283
3.252569857575976
3.321372914645301
3.410775411496612
3.4293240733881323
3.451077837693253
3.498111258423071
3.5294571867193376
3.5817915138624508
3.58959271939262
3.638012289537069
3.6864453990066175
3.7069439421943695
3.7569506091092997
3.781132469067401
3.794909782336778
3.8099106756764027
3.863563685486137
3.9561246730603967
3.9987648968477036
4.010714195877165
4.0360382361739315
4.064285825974252
4.090112937164612
4.145319208612508
4.188662128076218
4.215072573035474
4.216269276194784
4.249806726466439
4.26401881918387
4.279931653274941
4.313726554982722
4.326866947350581
4.356743819620815
4.409475262163874
4.407122500957669
4.43321598513269
4.4668482317352085
4.485235309263218
4.502132473855163
4.55282357226832
4.563929912872248
4.622003894861086
4.667180303111859
4.668128028235175
4.693409701459704
4.700793118297621
4.7192553502560735
4.742567411118935
4.739374048333514
4.752500949651266
4.78768092571892
4.808498741223939
4.853628607072042
4.907709601652158
4.946510161797294
4.9384463256706
4.953772459860905
4.964669259882975
5.008322986011251
5.008477065288854
4.992633128711178
5.007972259880151
5.028523662367601
5.0602925214812275
5.093199107953778
5.108123733694225
5.1047419274266765
5.212602415485566
5.241359284284609
5.322837153536631
5.326281543931452
5.361847025138929
5.364827821278817
5.402032935099339
5.41082530829161
5.40580727690217
5.458855590449491
5.453432251598418
5.5063606789136035
5.514493723227625
5.539830489135151
5.54314891974637
5.537774089106603
5.596254295358433
5.607659383006758
5.664648038745108
5.680764875687626
5.684267362340309
5.7498150367397525
5.814279815073644
5.793799804712767
5.788829531776741
5.82632839023953
5.8016650369544465
5.845345904736224
5.824882032230979
5.824218792271646
5.871438817259577
5.87832423755282
5.882654159484016
5.861957410870593
5.878799687926474
5.905868824175014
5.915333215753993
5.916120510722295
5.928034328017011
5.947335903330649
5.993408575211344
5.967266023057661
6.011932560523609
6.011983896198209
6.030056057466031
6.074275443037995
6.0713502214717545
6.129666898669792
6.15041248577205
6.151912954484542
6.162616290398228
6.211162448299269
6.232564498850382
6.287730080467068
6.3197497477418425
6.291630744107377
6.301443655195934
6.318151455863431
6.322437241057761
6.283375988949677
6.323162265076183
6.290328049795428
6.317269944601114
6.355415223509288
6.356811633499025
6.339915746936152
6.342053766324362
6.366685737224068
6.4039812154308295
6.380991251102591
6.371342776352993
6.365643831298128
6.386153489412471
6.4007840298878165
6.4025955443174745
6.394714892031011
6.437342689492951
6.437115430586163
6.448514445517177
6.491143401867987
6.502804531695627
6.513745176562526
6.486577843406719
6.526230612122592
6.553958439965594
6.560849007312192
6.593292556163989
6.605243684068218
6.624062946689768
6.608549444085439
6.587075392489429
6.602180357374374
6.596566188268757
6.667725036057069
6.717588667252318
6.670322822184617
6.674921034952939
6.718136733936758
6.719374988139053
6.81169277159608
6.769842370755542
6.774596523898048
6.792636160398495
6.809441865258809
6.780659701921486
6.8272861123148685
6.8118906924196345
6.819854621435258
6.854618258587303
6.823107012519789
6.884016530255219
6.860113521678436
6.889134956109707
6.866955831673596
6.866125895425365
6.919299904044689
6.880212827417387
6.900995864454881
6.914713183495076
7.075064017380449
7.098082924466929
7.062428797673474
7.107099295350846
7.087529451987592
7.100621848316828
7.0887897415038275
7.1435474315094085
7.171954995919408
7.170837632947058
7.128696562722365
7.212955644424739
7.1854522514703065
7.229540569367982
7.2244261374000605
7.231294474521776
7.277190709742871
7.23427352657742
7.258820047640562
7.26490476823812
7.238571539145669
7.264100329596152
7.257584695871906
7.296908851731735
7.256996128001251
7.263065824787987
7.293491060290405
7.3059954954122714
7.261239310646851
7.279361854469624
7.270689638576228
7.326523844851585
7.3459483147382105
7.318527981988222
7.3015275097373555
7.320426385342011
7.320662903919507
7.33360521220801
7.350571539285258
7.300945778898768
7.35372858043804
7.33437558291968
7.346184970572181
7.3411724636500795
7.301900045750814
7.2883441917038665
7.32367837105815
7.3061606320826495
7.337042972082164
7.296040019537855
7.334411901968638
7.339593692154807
7.323879936130002
7.3475504581032105
7.372606672468412
7.33312008619814
7.351779098804299
7.364524869534183
7.329416120056297
7.3209624007360485
7.332362120008693
7.356747611602624
7.3547649541077735
7.3637854596925765
7.377697547954985
7.395495490641367
7.4084113445590285
7.434866321849508
7.402795305783231
7.43078735495653
7.417169725197565
7.414827437927196
7.382359368989421
7.423400529762018
7.414195909082453
7.399799157817429
7.426243110109547
7.431592952131518
7.417746283962877
7.476314860362133
7.475096720859773
7.458745529070425
7.454257768877386
7.474382798887896
7.456555060023354
7.4878211473851435
7.518884970061086
7.502074071726325
7.5118511873340745
7.507194087695834
7.487041555760081
7.509511756771602
7.48397150583591
7.51761567486328
7.4885551580380785
7.516214331126765
7.5286457227416275
7.507465318524609
7.522363293321388
7.556365792478088
7.517121645391326
7.553960225199062
7.503996885990938
7.506676093103921
7.526490503741943
7.568628839111342
7.555316554862297
7.562266153783992
7.583101798323824
7.5945026494678585
7.585816881298272
7.61617646326454
7.607316351864008
7.589243318572218
7.566844861587374
7.583781155290098
7.623586437914346
7.560604671407157
7.588411559940958
7.592576334421958
7.5887790182945745
7.589537994310787
7.604430004200915
7.5888526534263185
7.603986419608928
7.56233537763678
7.60571825117722
7.6012853560195905
7.58419959946658
7.6142644436075795
7.615866585562006
7.5917970340605825
7.607696377054946
7.571298160698058
7.597414244400819
7.631058415343992
7.61994288258208
7.635724775951733
7.5994067032461725
7.644846271087676
7.617898789028954
7.580550163730837
7.609095396687145
7.597509700337745
7.641409744924546
7.6494977205894354
7.629023281215065
7.638596358577781
7.630091111704942
7.647846816281412
7.653684232080691
7.633352306699143
7.642193678609604
7.68692576861427
7.6236166570216275
7.649928656992426
7.646535000712609
7.672993859317301
7.653499500581481
7.6181308954303795
7.659208942834287
7.638373671183743
7.654569911282116
7.656441429828265
7.62453510445831
7.6390234826957055
7.670747743982461
7.655912696391738
7.654428448128758
7.660325488391457
7.6731935179486825
7.652300021529164
7.682585550761508
7.62810750515286
7.6730310082021145
7.676593765623505
7.711135318777574
7.672407837055515
7.699130588793406
7.679426581352949
7.7027445523371485
7.67219448391413
7.697132196575009
7.671401896432364
7.692593813226559
7.705199332471757
7.685540600838298
7.704524858932258
7.681656422538655
7.70537563368586
7.68254537670176
7.68427104407541
7.698765632149471
7.6931774524467444
7.674880786904075
7.706221867033483
7.687719175904072
7.678444722858306
7.720662115169365
7.662875737441445
7.695386864837153
7.700688453698823
7.6743552714898255
7.653162681711238
7.682473929792463
7.6904848121722695
7.678197813946796
7.681538831191046
7.661285607753314
7.696537079099149
7.741710208988966
7.677025044902106
7.644021447801537
7.69021824409409
7.717684417390834
7.716622496883425
7.676526735319665
7.716526623110737
7.659093476701643
7.696072555199959
7.676912139239619
7.677443225630698
7.671433957336979
7.693041721253928
7.647261688992027
7.6798894014033126
7.706278109694449
7.710675861340709
7.728047088368556
7.671020996667361
7.7227760332957045
7.6907380823498155
7.689335214441024
7.710561622428921
7.692581210673036
7.698553479188265
7.709770524979141
7.650484169214628
7.679594404269842
7.698026273200369
7.669741978730519
7.679523408559616
7.714260294710517
7.670974455141298
7.701284734086337
7.694574506667411
7.683328853881736
7.682891131920675
7.698304033028893
7.671064981885013
7.698653436232964
7.669194788034046
7.691301447373434
7.699710182879744
7.693419749177662
7.704128352268866
7.694208849434054
7.686548322062153
7.695144768490109
7.697459186616634
7.6816546847778975
7.72067350723164
7.680142505978957
7.676719330407227
7.699552637145971
7.714598488999189
7.70127395985097
7.696481177096246
7.6755167724070885
7.706001337449683
7.692413149135604
7.69640382564746
7.7316162167753895
7.6919591146283235
7.703820487257104
7.6842343317961195
7.671748316868216
7.666437918744453
7.725147287125993
7.702842001715874
7.7067112589014934
7.699348720939869
7.679600038064284
7.699024958817114
7.719884836627886
7.691722838122437
7.7232103242947785
7.713519221029007
7.701760118173229
7.7182968044950115
7.7325971700715765
7.685226182228545
7.70955020270912
7.704472158124894
7.70643368148904
7.696310700313963
7.721624899502363
7.683622274213723
7.719216593429304
7.727237862641607
7.699416285685672
7.704348063025512
7.712575223959008
7.72455161294205
7.705189701595748
7.726208068693124
7.703656284117189
7.728081597326345
7.691210739249393
7.716508434594192
7.684617284565578
7.712112800533064
7.717331516952099
7.712922163001555
7.6691032837457165
7.694881138141978
7.70679716867796
7.705682365850811
7.662154352488637
7.658739035972024
7.684763863368481
7.688657476720323
7.6973370011087345
7.672182292866721
7.70500030849069
7.714506867118492
7.685364321801156
7.699003876846379
7.7021286121349375
7.6962634899700735
7.720341928274244
7.694219075139543
7.70012651054892
7.705184440200397
7.7310984975398105
7.725021690314857
7.701682711399484
7.726808611044489
7.698850395584575
7.695892069956322
7.712057471178152
7.711015136505786
7.703886780505401
7.7134558159732025
7.697561522103696
7.709477457101547
7.686295602464173
7.682175754880309
7.695933492082992
7.682382512468033
7.687247315200238
7.690832912624398
7.7111929955653435
7.731003013809574
7.705267679287884
7.7216617662583715
7.690688596507797
7.719681521167231
7.705307016601549
7.696009617819924
7.680925388088938
7.710066550475526
7.711692814537818
7.696959878176999
7.697546243722126
7.713306183612163
7.698927348187453
7.689763707617372
7.707928051555269
7.7083489415254265
7.689367085215724
7.70525144658292
7.6923536821892595
7.682630259240811
7.693828699966903
7.671756981718945
7.707287564634772
7.710159499034182
7.685037114119092
7.703161799336026
7.701951136655869
7.714169363582961
7.715310117835656
7.7106141584908565
7.737621060303118
7.667222862347851
7.730762269649934
7.71565293736774
7.68678569625852
7.680936403687781
7.694727997541004
7.704319125343128
7.705259976007339
7.691768850190204
7.6902898075024275
7.678576227301816
7.688673333216064
7.712034549143363
7.679235749790627
7.708923290850568
7.695666384302554
7.710273092594543
7.693292140815448
7.717033837374055
7.722325687325772
7.711937787314744
7.681734186566289
7.707382743690072
7.7016114387806835
7.692138842886927
7.691562385037075
7.6624779084985795
7.7160731566220955
7.72191780878684
7.680562840631736
7.680022985845258
7.7120086531674765
7.721110164076881
7.688123121212207
7.694452403017812
7.670124000451825
7.706682371222839
7.7023146229280295
7.677789818160388
7.714361537176429
7.699049524687241
7.711262885174282
7.693470409520845
7.693784888233157
7.698567427891454
7.689717625937136
7.71310451480153
7.698395981961607
7.694874019191583
7.70114803342911
7.702772372378074
7.667258898063037
7.682257052308303
7.67770934629482
7.715522398023672
7.718422179017806
7.712755268229282
7.715411729139347
7.669045790514501
7.705829722622793
7.706536584442319
7.692914964602572
7.685600067715798
7.6957654542891785
7.7030196248525975
7.687852562098837
7.694728409999837
7.6960474626999025
7.711382684377987
7.715448733012158
7.675647835518087
7.709298306619888
7.718012450007722
7.713867967421116
7.692024966968104
7.687064831426772
7.699128995680611
7.6848046997145145
7.6982781760699
7.704193690219071
7.695014057473295
7.689648667565532
7.704839965641654
7.700760385361194
7.709477851870267
7.698017887682472
7.708067421289236
7.703740870923456
7.715874697935102
7.691999377607145
7.710727128608268
7.699897353383572
7.7135538232966105
7.7200457462465515
7.679599496812564
7.6939802316501815
7.693017685161745
7.700969653466662
7.692631244821475
7.710325741189074
7.695765091021034
7.6774550973236115
7.711306470405474
7.697472558778528
7.7072768859859675
7.70627376604506
7.696420973577307
7.695155027246916
7.697199360219223
7.725287437576395
7.716134978798442
7.700539673337835
7.705020963119279
7.682905364647398
7.679778033330141
7.7037736237021734
7.6993706293909225
7.707631656661383
7.711767973921592
7.680849997421945
7.68468205169085
7.686801849902636
7.699363742547369
7.694595430221279
7.708601657741923
7.682257479397113
7.711107295632895
7.703963385737298
7.695049177217568
7.702871769110653
7.740258632618995
7.710075716870476
7.69014873022745
7.697310540758713
7.703993505231708
7.688954415924967
7.713356070448605
7.6959701550976956
7.684994301425719
7.704406233898166
7.7197454481341845
7.734833697923352
7.688267834857836
7.716693060204891
7.711712104555898
7.691383041043507
7.674123323823201
7.695334917827195
7.6991675979553955
7.70316148196836
7.700914201632731
7.681897054811225
7.68712417346763
7.712141319307906
7.706355179346781
7.7103366936427715
7.703425152525037
7.696313578484436
7.698348172307553
7.702950159331667
7.7036356007844295
7.698592909028671
7.708345030544755
7.72675939340113
7.728236581297268
7.716106038850668
7.694984975294612
7.693630324218898
7.703192201341363
7.695999787456906
7.688245864404161
7.693127217224655
7.7064195777673765
7.680575447552566
7.698416479739738
7.7170414897603195
7.708894199331154
7.667333910945409
7.711792076640536
7.685140420832528
7.688274531539046
7.682987557187556
7.684308773064712
7.69802995031385
7.722684397166467
7.707412373829652
7.686753849334234
7.686980955025835
7.704046092840331
7.720536291838732
7.71241923698675
7.681502151741607
7.717930407753514
7.706561973442573
7.6972849548864355
7.687523447829881
7.6824211264495
7.708508587902826
7.705668136004206
7.704752926132664
7.680164656388722
7.695907005352886
7.7056332453669345
7.719388900547986
7.6786926796056925
7.698218466872222
7.699551652223982
7.7005028909457875
7.683400123264116
7.690926878430431
7.709774145426178
7.689382205811438
7.694030253280146
7.706382205188373
7.71990079892886
7.709266008735925
7.720854581205827
7.711272446113512
7.696380916061958
7.699781555467605
7.686210640834068
7.720860173022429
7.72344404739718
7.720925427992133
7.730553949409883
7.665463292545227
7.7048629164731315
7.709460522741738
7.699502373360763
7.712238893352686
7.70630494624541
7.718451215357202
7.689894641247223
7.69749864462677
7.719948843446069
7.72080664619108
7.7104353619871295
7.703521800473698
7.7215525930342945
7.696678945408741
7.69454188876577
7.708744514702844
7.6756795071910116
7.687022025231966
7.70044125321503
7.6745781173975045
7.714757591527288
7.698978234000591
7.702959285418141
7.705645653098124
7.684732757505273
7.7015149504730696
7.693521628311118
7.692260663007569
7.68486871325922
7.713036923278431
7.686591595133472
7.701727853989323
7.69152549085864
7.686478384292994
7.670776233815544
7.67950009809414
7.68311294674571
7.6898350043620995
7.7090163887755985
7.691534983839137
7.686383073754012
7.693314547520839
7.7139067194389845
7.7075118645639495
7.693434872858769
7.676587286565422
7.6784450448205535
7.688575194659905
7.706605657650352
7.712622263314745
7.723516969304355
7.6822222939969445
7.6912529824970015
7.709030103904453
7.689104791126423
7.702358654424066
7.6951602671698005
7.699466866651975
7.7000396206076465
7.743114898973552
7.699182523506057
7.734834145829057
7.717817046110256
7.699683219047505
7.713799880885758
7.690890796689736
7.711787039692781
7.720804007763663
7.692638170576004
7.710721454496102
7.701370171257618
7.7002329100803
7.700333540040154
7.710067146783013
7.6889212068595
7.6894613302959005
7.675666073746519
7.685667881027997
7.6917678893087755
7.662867722786952
7.680545332425164
7.70062564031828
7.7237036549286895
7.70170935877754
7.682470717402899
7.697223496774072
7.6883321879662185
7.690353291334178
7.687438423617903
7.707720476910748
7.7071066876345995
7.724477707048246
7.730805115571581
7.7245019417762055
7.735304621018469
7.688010797823877
7.700804100204398
7.720333445194014
7.70474921817788
7.699655481751989
7.7075479578977095
7.688063885673225
7.703720178101791
7.706641780302922
7.696921476581239
7.6975908081590525
7.685667582806738
7.704609541984343
7.683365027154408
7.692861912337432
7.6937514284646635
7.718116032780675
7.690788039096414
7.704019822398237
7.690393112851692
7.687574818652355
7.680172041094887
7.716826691723568
7.697430827719502
7.709607835278553
7.682488404340054
7.687157802192358
7.6925401619940335
7.725860690000188
7.691975737925378
7.704653112214149
7.708065943814079
7.697038632568568
7.689249845800382
7.702135626868221
7.701413407679203
7.697410659456927
7.6986862609661975
7.719309366562728
7.716249745514772
7.72424742169545
7.690101715472645
7.705599370410674
7.7146530573714
7.700670935998892
7.706535274449152
7.714022777588852
7.687194014914531
7.718063450677312
7.690479046530467
7.706189493784023
7.706570847955499
7.705412128879865
7.69478878712336
7.694335875257196
7.710475810931736
7.69268799653221
7.710155596521311
7.703164363225167
7.694320175468536
7.708916720317368
7.676756324595864
7.6887610184089965
7.70451004497381
7.7099945003337425
7.7055792309767845
7.693902682494835
7.70758355487039
7.698755488642084
7.702868251535305